0.06617275784747257694196065358482883311808109283447265625,-0.366651849416100461542811217441339977085590362548828125,-0.1577978214978668913825998743050149641931056976318359375,0.291812218123677358239120849248138256371021270751953125,-0.0445195092581557039235207184901810251176357269287109375,-0.11876436517392545411109239239522139541804790496826171875,-0.006960426639102867442387978513806956470943987369537353515625,0.048727070300939027969189254463344695977866649627685546875,0.055788144395597261127051069706794805824756622314453125,-0.06576908496983509266886613886526902206242084503173828125,-0.08842731328707194304872274415174615569412708282470703125,0.07779230021255716109873645791594753973186016082763671875,0.013477059746580595522846834910524194128811359405517578125,0.310216250321610653717385730487876571714878082275390625,0.2033262961127521861737221797739039175212383270263671875,0.1868564402831435489193978582989075221121311187744140625,0.01535939885946507356406787181413164944387972354888916015625,-0.0838812599364824607039992088175495155155658721923828125,-0.19683917820985941116163076003431342542171478271484375,0.2282776116642329655714860336956917308270931243896484375,0.03265358475463707443875449598635896109044551849365234375,0.0106876888648490264710488872879068367183208465576171875,-0.414519323655049343191336674863123334944248199462890625,0.379749802930192059680081229089410044252872467041015625,0.351136396757020963210749187055625952780246734619140625
-0.433254450104576915858700658645830117166042327880859375,-0.172912652629914787016929267338127829134464263916015625,-0.354550737404404292529846998149878345429897308349609375,-0.18974995760326418547947469050996005535125732421875,-0.16210862999006148132963289754115976393222808837890625,-0.0682425526657590431067745839754934422671794891357421875,0.09395408403320136547787200242964900098741054534912109375,0.1490466546330586894431036171226878650486469268798828125,-0.005036902489806013676065798989611721481196582317352294921875,0.095392159807264287341155295507633127272129058837890625,0.1703299557492121973911736176887643523514270782470703125,0.2266007369429685613937408561469055712223052978515625,-0.01080294708542672670048556682331764022819697856903076171875,-0.130245223107856078481603390173404477536678314208984375,-0.42944580502750728800975821286556310951709747314453125,-0.2281078911152905341896968138826196081936359405517578125,0.11645095264599338025224284365322091616690158843994140625,0.262190008544439911997159242673660628497600555419921875,-0.06940392752318154390156479394136113114655017852783203125,-0.11556974282926534003390628413399099372327327728271484375,-0.1480827528728222708398476470392779447138309478759765625,-0.0872933171516177275339742891446803696453571319580078125,-0.182305402859441134655327232394483871757984161376953125,-6.35640958009739821636674417248968893545679748058319091796875e-05,0.228949245704003379042745791593915782868862152099609375
-0.033868045644855702958064824770190170966088771820068359375,0.2448603306949127811353861261522979475557804107666015625,-0.313671360543817556720824768490274436771869659423828125,0.119379019532535324277233712564338929951190948486328125,-0.1613727033649906272838592258267453871667385101318359375,-0.1602423504066129711365107368692406453192234039306640625,-0.1504549198653699348948720171392778865993022918701171875,-0.251492277302567013297363018864416517317295074462890625,0.0031154079501795766717064939399506329209543764591217041015625,-0.2112109848998480476911510095305857248604297637939453125,0.036162014571444044130910100420805974863469600677490234375,0.2386241808615782999947185771816293708980083465576171875,0.146915791778726323446591095489566214382648468017578125,-0.37414404044012561367793523459113202989101409912109375,0.4416694801423368677006919824634678661823272705078125,0.037458847042160188511861207416586694307625293731689453125,0.10861142837060555610406709092785604298114776611328125,-0.00153115077977336133500940729135209039668552577495574951171875,0.06397438224923794602982951573721948079764842987060546875,0.04679382311696790586186267546509043313562870025634765625,-0.372000700739752054868603181603248231112957000732421875,0.036306152512127452813839312284471816383302211761474609375,0.1830779560074984602113801201994647271931171417236328125,0.0033621472996305319831666924557111997273750603199005126953125,0.1908578986655975195940726507615181617438793182373046875
0.04933489123125549269399670038183103315532207489013671875,-0.310894565531773248157065836494439281523227691650390625,0.1968282769045843760835623470484279096126556396484375,0.0252252123506268299824029099909239448606967926025390625,-0.026528721563129874227993099111699848435819149017333984375,-0.0708523336036417650252161593016353435814380645751953125,0.03433505044345665224714281293927342630922794342041015625,-0.055247565525133331132412450870106113143265247344970703125,-0.168979856082864310362623427863582037389278411865234375,-0.01071769382686969980522651013643553596921265125274658203125,-0.30711056253764990042753879606607370078563690185546875,-0.1462503677740607244128767661095480434596538543701171875,-0.305149667200459384641675342209055088460445404052734375,-0.052642342489805225846932756894602789543569087982177734375,0.09402297817061723572695797201959067024290561676025390625,-0.10192099553650013632477566716261208057403564453125,0.188591372154104097713656074120081029832363128662109375,0.472053309206020010879711890083854086697101593017578125,-0.01008562960832519277143415337150145205669105052947998046875,0.0276513078397645183093001008955980069003999233245849609375,0.052990810123178876123173353107631555758416652679443359375,-0.087050950716434483123151721883914433419704437255859375,0.46676750467733263416647560006822459399700164794921875,0.05942939970718617848088882738011307083070278167724609375,0.31785227449120589948705628557945601642131805419921875
0.041803933546876816118587072423906647600233554840087890625,0.014488534513412532067633264887263067066669464111328125,0.23899233791687157779648487121448852121829986572265625,0.046008267003300441777557949762922362424433231353759765625,-0.005586775823800107544647719493013937608338892459869384765625,-0.111150697312030255492487640367471612989902496337890625,-0.308241803091442723161463845826801843941211700439453125,0.44609337380420921448376248008571565151214599609375,0.033610266229515149694062614571521407924592494964599609375,0.261510638308360354731263441863120533525943756103515625,0.055073080467125647141646282989313476718962192535400390625,0.0173546540934444264159264292857187683694064617156982421875,0.2053342859271936882148423819671734236180782318115234375,-0.07815011113259025254951239958245423622429370880126953125,0.264375708953657417854543609792017377912998199462890625,-0.270968765968302049973459588727564550936222076416015625,-0.17449234052016937557283426940557546913623809814453125,0.16766212391960622074549291937728412449359893798828125,0.1723844463329928522465905871285940520465373992919921875,-0.232439301486453808731624803840531967580318450927734375,-0.1411244614602604474651315058508771471679210662841796875,-0.244148101347204937727752849241369403898715972900390625,-0.06736400705250027154402658879916998557746410369873046875,0.36677278157904369404462840975611470639705657958984375,-0.08416262290600497186776607350111589767038822174072265625
-0.23203386601547359990860286416136659681797027587890625,-0.1475671542006468384133910376476706005632877349853515625,0.30372265167475742675406991111231036484241485595703125,0.390123158422118032628844730425043962895870208740234375,-0.186550560627239792044207433718838728964328765869140625,0.33440912109223452919337660205201245844364166259765625,-0.10787448542852641486522458080798969604074954986572265625,0.14860316775783044551673128808033652603626251220703125,0.160997186763558508548754844014183618128299713134765625,-0.325174034228326080953053178745904006063938140869140625,0.12232549269725613572123990024920203723013401031494140625,0.096428845750612446341420991302584297955036163330078125,-0.2100276360666019359602074700887897051870822906494140625,-0.277101166435070489502123791680787689983844757080078125,-0.163979349888430825377128030595486052334308624267578125,-0.0989649993579242437391485509579069912433624267578125,-0.1895753966217064434562900032688048668205738067626953125,-0.21008185232808773701407289991038851439952850341796875,-0.2045918741814810870582874713363707996904850006103515625,0.14267139005660467443448169433395378291606903076171875,-0.09538003604677762481411917860896210186183452606201171875,-8.62175431703683073543509340908030935679562389850616455078125e-05,0.1585147146128002837439652239481802098453044891357421875,0.0833079769932330294057720720957149751484394073486328125,-0.051374971150670641073521238695320789702236652374267578125
0.18124203753627410318216561790904961526393890380859375,-0.142304123995786901968330084855551831424236297607421875,-0.451287321740165392469634753069840371608734130859375,-0.192823606659277724251211338923894800245761871337890625,0.19350427007204495932768395505263470113277435302734375,0.373213788808462287871492435442632995545864105224609375,-0.08957090220070111630246145750788855366408824920654296875,0.355521674305265766857786502441740594804286956787109375,-0.168323801523064309204613664405769668519496917724609375,-0.16927084404865555544716926306136883795261383056640625,-0.05585352184811188946955695655560703016817569732666015625,-0.0244681763251584603879873469622907578013837337493896484375,-0.082803357790736609178594562763464637100696563720703125,-0.27688863010347952720024977679713629186153411865234375,0.10423304418324352837998958420939743518829345703125,0.303598502223076938122403589659370481967926025390625,0.056702504701914784035476913004458765499293804168701171875,0.047147062501658919264624358902437961660325527191162109375,-0.173561872606439793198518373174010775983333587646484375,-0.1441745577482840545702202916800160892307758331298828125,0.12981356836357971218376405886374413967132568359375,-0.0811724397156310673029366853370447643101215362548828125,0.07304244504926353520612991587768192403018474578857421875,0.1534130138738124260466832993188290856778621673583984375,-0.197446667824319799233734329391154460608959197998046875
0.41508587738320079640885751359746791422367095947265625,0.1202018941094468440500264705406152643263339996337890625,-0.1790642055702682255979851788652013055980205535888671875,-0.056213234829671103465198456206053378991782665252685546875,-0.1064053588493360236189033685150207020342350006103515625,0.2005943019800723037260326009345590136945247650146484375,-0.26558369506701484663580004053073935210704803466796875,-0.032606547318213059682978638420536299236118793487548828125,0.38720200553621719752328544927877373993396759033203125,-0.2477676463127191641699909041562932543456554412841796875,0.228788888907788423576761260846978984773159027099609375,-0.1738442533494421737838564467892865650355815887451171875,-0.2400637357022644413628853499176329933106899261474609375,0.1041576348316708700014743271822226233780384063720703125,-0.059730239696467492260811837923029088415205478668212890625,-0.218200312461167833522068804086302407085895538330078125,-0.1311253797963589651232041433104313910007476806640625,0.2223849854642736267873459610200370661914348602294921875,0.212208916273645964434280131172272376716136932373046875,-0.0307491731884818285391869352451976737938821315765380859375,0.08467643355922944981006850184712675400078296661376953125,-0.033029687423337429630354478149456554092466831207275390625,-0.15131550346580724397682615744997747242450714111328125,-0.135052530623916922092320191950420849025249481201171875,0.281621491316574712460152341009234078228473663330078125
0.306520394640630244875723064978956244885921478271484375,-0.2376590500587303089741197936746175400912761688232421875,0.14504154881939201882090628714649938046932220458984375,-0.1147429742895599014129714987575425766408443450927734375,-0.08949374023889145046695148266735486686229705810546875,-0.2422340976209491625326108987792395055294036865234375,-0.0169196607907668161718817145811044611036777496337890625,-0.209229764442017740488921617725281976163387298583984375,-0.09702103244375449853098558605779544450342655181884765625,-0.2087816114702869263464179994116420857608318328857421875,0.417331655272936530298721891085733659565448760986328125,0.033911052334026269006184151066918275319039821624755859375,-0.00854981804856658374192068805541566689498722553253173828125,0.09367018608552397929134514242832665331661701202392578125,-0.1469445225823573786261277973608230240643024444580078125,0.1691611054832977412143435458347084932029247283935546875,0.129167378517552944305890605392050929367542266845703125,0.11835592922655513437035779134021140635013580322265625,-0.1385590199135771083405188619508408010005950927734375,0.05715680688168466028198366757351323030889034271240234375,-0.310559309915501902121803823320078663527965545654296875,-0.390684568164341161633501542382873594760894775390625,0.0086484058988837396453330796930458745919167995452880859375,0.06324282361889403680788035444493289105594158172607421875,-0.33305085435629877554930544647504575550556182861328125
-0.0857652402936240620956453994949697516858577728271484375,0.331695888098451685532808141942950896918773651123046875,0.0330973331308303808651061217460664920508861541748046875,-0.12808024777067694710552814285620115697383880615234375,0.143753507887749820692846469682990573346614837646484375,0.07615905574387109300271703204998630098998546600341796875,0.1342740694423466829565683156033628620207309722900390625,0.26807246967723141750639115343801677227020263671875,0.0772636142405522530207662157408776693046092987060546875,-0.265109511715233114870216013514436781406402587890625,-0.06808871182738894523023276406092918477952480316162109375,0.47513495725874610453587365554994903504848480224609375,0.010054198899747367190737890041418722830712795257568359375,0.442647547822607789758109220201731659471988677978515625,0.06141389971395201652359929767044377513229846954345703125,-0.040106553606193758032549823155932244844734668731689453125,0.06676371687144801170266106282724649645388126373291015625,0.0107898421047800223415702447482544812373816967010498046875,-0.01649608559301328492008309467564686201512813568115234375,0.1766998201189471651151308151384000666439533233642578125,0.07139810487909852010357525387007626704871654510498046875,-0.363739578532592366943987371996627189218997955322265625,0.243559407149588735830292307582567445933818817138671875,-0.01554620505618625574129065824990902910940349102020263671875,0.08757036136721328689613841333994059823453426361083984375
0.239901239965546630994452925733639858663082122802734375,-0.0037519042710049787907322649260777325253002345561981201171875,0.1374715430044768649242570290880394168198108673095703125,0.1046442211905213304223849490881548263132572174072265625,-0.08082108127189353841135499578740564174950122833251953125,-0.12061996154148534043937246451605460606515407562255859375,0.149531597424168494203655654928297735750675201416015625,0.2395513417845460679700408945791423320770263671875,0.548391054982211745283393611316569149494171142578125,0.222287589516506234321724377878126688301563262939453125,-0.08666479753709703526265428763508680276572704315185546875,0.270168622123579227345402387072681449353694915771484375,-0.04948976441202279641373706908780150115489959716796875,-0.0843474106495807618433246943823178298771381378173828125,-0.060677711317681286284919650597657891921699047088623046875,0.3772569244566696955445195271749980747699737548828125,0.175817649170537659841784261516295373439788818359375,0.140526042883566570917963645115378312766551971435546875,-0.1498969933331546489085894791060127317905426025390625,-0.2439977492295937466781907687618513591587543487548828125,-0.1257629246210297535579769601099542342126369476318359375,0.2064166009732153195255222044579568319022655487060546875,0.062393825403393797512929808135595521889626979827880859375,-0.17479043818170192370331506026559509336948394775390625,-0.0034334668998300421106917301727889935136772692203521728515625
0.1957403876891718186303847915041842497885227203369140625,0.353416009773209527367043847334571182727813720703125,-0.07811890957291063586342971802878309972584247589111328125,0.124986279253735454997098486273898743093013763427734375,-0.432286973574913135909270067713805474340915679931640625,0.180809573000117518315477127543999813497066497802734375,-0.030514763881099117581729984749472350813448429107666015625,-0.18511017338432267376191475705127231776714324951171875,-0.18044956347541807328838103785528801381587982177734375,0.2386970385123353965983739044531830586493015289306640625,0.07300045598772499089168519503800780512392520904541015625,0.048634257321815303753975712197643588297069072723388671875,0.0982040547398612961860209225051221437752246856689453125,0.142263311969502037612755884765647351741790771484375,-0.2418586289186759608060839354948257096111774444580078125,0.0364989113060791847686914479709230363368988037109375,0.01456051475985260974799206934449102845974266529083251953125,0.0060212056464163353497465180907965986989438533782958984375,-0.26542166503638420227417782371048815548419952392578125,-0.192486107737169731546345019523869268596172332763671875,0.1801075028927365817565942052169702947139739990234375,0.028223391642260751976944987973183742724359035491943359375,0.2330129644137572120232704264708445407450199127197265625,0.413512518850184973562278401004732586443424224853515625,0.0841638858198985040370843080381746403872966766357421875
0.1878006023907378418957847543424577452242374420166015625,0.0600984735916433032709704775697900913655757904052734375,-0.1363651714558114791397969156605540774762630462646484375,0.09656766568874365630481548805619240738451480865478515625,-0.24592554295370316896907070258748717606067657470703125,-0.2146954155238244565939709218582720495760440826416015625,0.28756947060821913542127958862693049013614654541015625,0.151337317632333767658536771705257706344127655029296875,-0.06964541035928638323948547395048080943524837493896484375,-0.406152901753000283857630847705877386033535003662109375,-0.51537031287618872976707962152431719005107879638671875,-0.1532575503701588404137368115698336623609066009521484375,0.057549549928774999807412626751101925037801265716552734375,0.055544692755359441338480763761253911070525646209716796875,-0.167314113375434725394796942055108956992626190185546875,-0.2153731088964857820489129380803206004202365875244140625,-0.16598462433121452530571104944101534783840179443359375,-0.0673609302349393590514381457978743128478527069091796875,0.00223494905104660267214367053156820475123822689056396484375,-0.251393100449613104974133648283896036446094512939453125,-0.2287084678822972616529796141549013555049896240234375,-0.013998245087565149014086074430451844818890094757080078125,-0.08518559122834527819190242325930739752948284149169921875,0.004778154124020395250582726731636284966953098773956298828125,-0.1620771346684995728448797081000520847737789154052734375
-0.1469689684392949946545314787726965732872486114501953125,0.261253945168883505711932002668618224561214447021484375,0.05849743484158127782013281148465466685593128204345703125,-0.06876359955468568097014525619670166634023189544677734375,0.11893785672466598846153118529400671832263469696044921875,-0.292049775753352947038621323372353799641132354736328125,0.04122685986081568720873491429301793687045574188232421875,0.2135035495049106002429795125863165594637393951416015625,-0.1377737890133332865350013207716983743011951446533203125,-0.25069461215679045285043002877500839531421661376953125,0.282457799451464486306662138304091058671474456787109375,-0.1337785886138509183762579368703882209956645965576171875,-0.10500208356674227416771572052311967127025127410888671875,0.093465701732105888055457398877479135990142822265625,0.01511224553974552069213199700925542856566607952117919921875,0.1652816511595896209474432225761120207607746124267578125,-0.29028238362800762306648039157153107225894927978515625,0.362930947773379475318478171175229363143444061279296875,-0.1638929660029958268463445847373805008828639984130859375,0.08275199305194334831181635081520653329789638519287109375,-0.02997447617971123190461213425805908627808094024658203125,0.49967690595967118039055776534951291978359222412109375,0.042411985925097574201547701022718683816492557525634765625,0.1620126458867332253088733295953716151416301727294921875,-0.01197171074181957624305017162669173558242619037628173828125
-0.10295137079187648143641098386069643311202526092529296875,0.1294645071727873186784307790730963461101055145263671875,0.0025809415951298432002902760729057263233698904514312744140625,0.406861093334108192554054994616308249533176422119140625,-0.16867337742431909308749027331941761076450347900390625,0.050645484921288640156600280306520289741456508636474609375,0.11203239824136256019837531994198798201978206634521484375,0.185310833439366218211574732777080498635768890380859375,-0.205692264960732507095286791809485293924808502197265625,-0.004879873308775273428594676516922845621593296527862548828125,0.1919697285925490992664066425277269445359706878662109375,-0.255358236124345105988453497047885321080684661865234375,0.1611366230191750015254825711963349021971225738525390625,0.028035145731324762063962907632230781018733978271484375,0.2247799566352734201846175210448564030230045318603515625,0.07270406886763126907968768364298739470541477203369140625,0.091100561578069838564175597639405168592929840087890625,0.2100749391927400344659560005311504937708377838134765625,-0.2492805292755095603052239994212868623435497283935546875,-0.110235407376007066293510661125765182077884674072265625,0.158218432452736645910107426971080712974071502685546875,-0.277446177855759035235649889727937988936901092529296875,-0.154410762023895975492138177287415601313114166259765625,-0.496776781860081728670053280438878573477268218994140625,0.053585106750616347259796867774639395065605640411376953125
0.1601275825905747185462502102382131852209568023681640625,0.0279916015200319771849546413022835622541606426239013671875,-0.0935471533956695744382869861510698683559894561767578125,-0.005001563876940083586131180481970659457147121429443359375,-0.351203573925770784480704378438531421124935150146484375,0.03234017696456777113400704593004775233566761016845703125,0.07933547386115391564231913434923626482486724853515625,0.38501807695634038264387299932423047721385955810546875,-0.1280015780852047646565239347182796336710453033447265625,0.2007310710090111360859310707382974214851856231689453125,0.0136845284152555708712117876757474732585251331329345703125,-0.1439129132270803024251648594145081005990505218505859375,0.07361077420857796427267061289967386983335018157958984375,-0.050142337471778049284854006373279844410717487335205078125,-0.14575504558196172855133454504539258778095245361328125,0.1623692473692383286820728471866459585726261138916015625,0.04555246805876660143308498618353041820228099822998046875,-0.03222895470026954090059234658838249742984771728515625,0.360118434555945887698413798716501332819461822509765625,0.61839052111593428850966347454232163727283477783203125,-0.144237089114133631984060457398300059139728546142578125,0.036087524589748516679055256872743484564125537872314453125,0.1088052664031362304353223180442000739276409149169921875,-0.059928063362499860156074049655217095278203487396240234375,0.0041880165262871797693389197547730873338878154754638671875
-0.06377283049669345282861598889212473295629024505615234375,-0.0282734604662324313928412067298268084414303302764892578125,-0.2381507896517128519686679055666900239884853363037109375,-0.0757030413094389176276166608658968470990657806396484375,-0.1999437622723220508991204269477748312056064605712890625,-0.22275068388368757243966911119059659540653228759765625,-0.343071073103418167082878653673105873167514801025390625,-0.009148397849402301051924268904258497059345245361328125,-0.019014767964504790398461153699827264063060283660888671875,0.2963920439641622994741965158027596771717071533203125,-0.1660558977112735201675519647324108518660068511962890625,0.10987399095192780518193131911175441928207874298095703125,-0.418651543708151885336832265238626860082149505615234375,0.1556618453180709515937252263029222376644611358642578125,0.1210305583972275389470496520516462624073028564453125,-0.009295353660619960767252933919735369272530078887939453125,-0.3994556575091603445315513454261235892772674560546875,-0.07015275800710661646686361336833215318620204925537109375,-0.283805540803206579614226257035625167191028594970703125,0.10357142659011907281918496437356225214898586273193359375,-0.026642565573110406351720058637511101551353931427001953125,-0.1078388012697713282950218172118184156715869903564453125,0.08521922438844498071119915039162151515483856201171875,-0.261897612792286349492343333622557111084461212158203125,-0.19816232619174856122157279969542287290096282958984375
-0.00192012962645152760778055611723402762436307966709136962890625,-0.3220653774372472799569777635042555630207061767578125,-0.0249398438045445487720730426417503622360527515411376953125,-0.0265699981174857095822527952577729593031108379364013671875,-0.117250716382257980097136851327377371490001678466796875,0.09570250837717785008518234235452837310731410980224609375,-0.415538848751794087643673947241040877997875213623046875,0.002195789355193568208324261803454646724276244640350341796875,0.004153224445630547718988356820091212284751236438751220703125,-0.16607437650304379683774413933861069381237030029296875,-0.09836919022658259514901857301083509810268878936767578125,0.140536291282237713051728178470511920750141143798828125,0.56370824303614697203812511361320503056049346923828125,0.24886164312381497953907683040597476065158843994140625,-0.064292315133537669691321525533567182719707489013671875,-0.0937197265222603215217844763174070976674556732177734375,0.033828883900463076195297418280460988171398639678955078125,0.181616429782355537358995434260577894747257232666015625,-0.06213133060476783153802671222365461289882659912109375,0.03609045346416521471422100830750423483550548553466796875,0.08436114763841888464224183508122223429381847381591796875,0.3198657741090666917216367437504231929779052734375,0.177465732937183429118732647111755795776844024658203125,-0.2212343879070774177453273523497045971453189849853515625,-0.1433732980856337324571114777427283115684986114501953125
0.059491629325279286877314888215551036410033702850341796875,0.0745307349089895654348225662033655680716037750244140625,-0.1898005673753773436818192976716090925037860870361328125,0.50761628268825942367215020567527972161769866943359375,0.1495630098091884907507420621186611242592334747314453125,-0.188545944089007100341603972992743365466594696044921875,-0.055754456416507065796839270888085593469440937042236328125,-0.062184589017867268612160813745504128746688365936279296875,-0.0479922996806786128498600874081603251397609710693359375,-0.00287521632154739970044232677537365816533565521240234375,-0.0228518920764614157092875501575690577737987041473388671875,0.28420750947094897131961488412343896925449371337890625,-0.1809678710764461573301531416291254572570323944091796875,-0.09313260623537948645900286237520049326121807098388671875,-0.1429984240108750359610212399275042116641998291015625,-0.141289683214341821315684910587151534855365753173828125,0.184211896910335404253800106744165532290935516357421875,0.24742278581481269572606151996296830475330352783203125,0.256537992062113640034937134259962476789951324462890625,0.123665409986548013865359507690300233662128448486328125,0.331396508907471354365981142109376378357410430908203125,0.043792008851667195423740253090727492235600948333740234375,-0.0919914963901664606282793101854622364044189453125,0.0799507881446814561154923239882919006049633026123046875,-0.404991747635666865523518254121881909668445587158203125
0.0108061977670692900554971771498458110727369785308837890625,0.06657615330568104894393144377318094484508037567138671875,-0.06959358721290272165038715002083336003124713897705078125,-0.1397699823320080747546256816349341534078121185302734375,0.0192572729309622957261094455816419213078916072845458984375,0.016527658760854359309977468228680663742125034332275390625,0.253529520965230570350712469007703475654125213623046875,-0.15409791156786611932005826020031236112117767333984375,0.411871208563715784922720786198624409735202789306640625,0.074052129480390693760938347622868604958057403564453125,-0.113364723828329128085812271820032037794589996337890625,-0.1604696168538192468933090140126296319067478179931640625,0.269455060939522150764702246306114830076694488525390625,-0.24076709881922886413718742915079928934574127197265625,0.0905914385873846927932362405044841580092906951904296875,-0.2105658003122936328121994620232726447284221649169921875,-0.13310245973310730338567964281537570059299468994140625,0.259154401443609128108391814748756587505340576171875,-0.36657639604675928968191556123201735317707061767578125,0.40752817438632227275974173608119599521160125732421875,0.155972090160490794996661634286283515393733978271484375,-0.1450574903413774929816781877889297902584075927734375,-0.0195441095526038832730364447343163192272186279296875,0.1419997134496730761821225996754947118461132049560546875,-0.185234126574490398642325317268841899931430816650390625
-0.3161731859081029494262793377856723964214324951171875,0.003404805464016711670505177522727535688318312168121337890625,0.032197062875476134546914863676647655665874481201171875,-0.00848118156612082986500755765746362158097326755523681640625,-0.235112306822100602943237390718422830104827880859375,0.416570731072481492685000148412655107676982879638671875,0.1021928939479311571059128027627593837678432464599609375,-0.2337312389149912295049915655908989720046520233154296875,0.0752726974648965374559139718257938511669635772705078125,0.005828190031251776793974617163485163473524153232574462890625,-0.1546013909037054767647845210376544855535030364990234375,0.016201965851242401683851568350291927345097064971923828125,-0.09148195556492454139085879205595119856297969818115234375,0.210105543829591290272418291351641528308391571044921875,0.1686381793135001416761298287383397109806537628173828125,0.299442615430742631321692215351504273712635040283203125,-0.1252287504816151086917130896836169995367527008056640625,0.37862878027498181321419679079554043710231781005859375,0.295982623948165990412917381036095321178436279296875,-0.071932560204659934388615738498629070818424224853515625,-0.2032848435619101501448113822334562428295612335205078125,-0.032607595087109066123165490580504410900175571441650390625,-0.1783327413177124010079666049932711757719516754150390625,0.10632074473352189081243324153547291643917560577392578125,-0.259293266357213003647785853900131769478321075439453125
-0.3342265246761602082159470228361897170543670654296875,0.1661016590660429892434279963708831928670406341552734375,-0.06265386212008110244919834030952188186347484588623046875,-0.050575024440051630225667622653418220579624176025390625,-0.10623441649348867865665368981353822164237499237060546875,-0.1680139073623244938548992877258569933474063873291015625,-0.32241159058050283814367276136181317269802093505859375,0.09452211989457215413068524867412634193897247314453125,0.294355922015226478816174449093523435294628143310546875,-0.10831211606160721927505363737509469501674175262451171875,-0.0809386689067312092848993643201538361608982086181640625,-0.4376032338539552757339379240875132381916046142578125,-0.10485666373629588810079127370045171119272708892822265625,0.14662698012136210490297116848523728549480438232421875,-0.0232246296469290382236128067461322643794119358062744140625,0.059104248397945126358710155045628198422491550445556640625,0.539872034567451475339794342289678752422332763671875,-0.136176433512841532635917474181042052805423736572265625,-0.04632926117874235083515799260567291639745235443115234375,-0.006681069255538089370072274419953828328289091587066650390625,0.0174953467870994673616369396995651186443865299224853515625,-0.04532425153707257681201525656433659605681896209716796875,0.05488812587608726811794213062967173755168914794921875,0.1602587529856260573080106723864446394145488739013671875,-0.1600529621255470102969553636285127140581607818603515625
-0.1673149420793343111757423002927680499851703643798828125,-0.246438103462046698144405354469199664890766143798828125,-0.1381535486223447739551062340979115106165409088134765625,-0.0195005265218792696313432344368266058154404163360595703125,-0.2299440613605484295955960760693415068089962005615234375,-0.282898348571178015475879874429665505886077880859375,0.1853905255101135074458085227888659574091434478759765625,-0.00828315323279457497995803549883930827490985393524169921875,0.2099028688199842118677906910306774079799652099609375,-0.121729581806581332870109690702520310878753662109375,0.1993306677625561740274662270167027600109577178955078125,-0.0425517295472474244011351629524142481386661529541015625,0.1121531944847342365800813013265724293887615203857421875,-0.032106160343413923941024989971992908976972103118896484375,0.0728601867848330808641321709728799760341644287109375,0.21310439594099139792859887165832333266735076904296875,-0.283753911935899993945753294610767625272274017333984375,-0.1346016740824000079701505683260620571672916412353515625,0.31280912633890434193517648964188992977142333984375,-0.1883496111755929847131341148269711993634700775146484375,0.453816797309159303264181062331772409379482269287109375,-0.1525853735948134171085399657386005856096744537353515625,0.30677812565494655405728963160072453320026397705078125,0.06522769948673058648669353942750603891909122467041015625,0.01236593643145244940384497311924860696308314800262451171875
0.07624044494407382355216640235084923915565013885498046875,-0.13955691456517882453880474713514558970928192138671875,0.033087886649996185728372921630580094642937183380126953125,-0.20831220869773348081110952989547513425350189208984375,-0.344542836812258113088347499797237105667591094970703125,0.0793771044992222229996770010984619148075580596923828125,0.289746046732497652964610779235954396426677703857421875,0.10403056557801450277001009681043797172605991363525390625,-0.044875192962183625688954435872801695950329303741455078125,-0.006238227766453823854020388495200677425600588321685791015625,0.22745565608073647911879788807709701359272003173828125,0.132974547055519198845985329171526245772838592529296875,-0.2131929177057844959630727998955990187823772430419921875,0.0866666349830526316910805917359539307653903961181640625,0.4345744531418944678335947173763997852802276611328125,-0.389025092992760723742406980818486772477626800537109375,0.274141988733614339057709230473847128450870513916015625,-0.114939160544266283370262726748478598892688751220703125,-0.04697000151071335782848592543814447708427906036376953125,-0.03481884233647536408540190677740611135959625244140625,0.11220226471446841098877911235831561498343944549560546875,0.304124075643013636049971637476119212806224822998046875,-0.052295039934015262461652895353836356662213802337646484375,0.012197191969540964462392906852983287535607814788818359375,-0.2146167058883299005866973629963467828929424285888671875
-0.01029486444138018319538474543151096440851688385009765625,-0.1386281658445746300944989570780307985842227935791015625,-0.354846735442355176726181298363371752202510833740234375,0.321700407517892250641722284854040481150150299072265625,0.3135032298184980970034985148231498897075653076171875,0.1319896533964435014762983655600692145526409149169921875,0.2162915881790888616986734405145398341119289398193359375,0.007444826576609974051745854950468128663487732410430908203125,0.145198738474597022207746022104402072727680206298828125,0.2043364855278876068833682211334235034883022308349609375,0.2178684481473422140940243707518675364553928375244140625,-0.2113942840353486840587748929465305991470813751220703125,0.0216100637821293149742896133602698682807385921478271484375,0.315375911572320866138596784367109648883342742919921875,0.03150815027189880768165863855756470002233982086181640625,-0.189586098131192759552732240990735590457916259765625,-0.049157322223172018882397793504424043931066989898681640625,-0.051073160516249972717961469470537849701941013336181640625,0.0053125829466612629892185992730446741916239261627197265625,-0.06689080596465589445553945324718370102345943450927734375,-0.36302466664243959737490285988315008580684661865234375,0.061566635181734385984242408085265196859836578369140625,0.379563314845826393906236262409947812557220458984375,0.033062495051327911443905804844689555466175079345703125,-0.08126911137248783723041611892767832614481449127197265625
