0.191101993786176926892750316255842335522174835205078125,-0.01307250810835924696717835757908687810413539409637451171875,0.171360909342498868301873926611733622848987579345703125,0.047777035885297636230717444050242193043231964111328125,-0.2220386707365359091337353447670466266572475433349609375,-0.07659717814716937578367605965468101203441619873046875,0.1337653287303582627654208181411377154290676116943359375,0.007009059880292631099230060698346278513781726360321044921875,-0.225383670066463370762477325115469284355640411376953125,0.07590359885183824151244635913826641626656055450439453125,-0.049774828498554170297385468302309163846075534820556640625,0.12051479268114874410233738899478339590132236480712890625,-0.06660968052961950547352643070553313009440898895263671875,0.0325389847524896469455057967934408225119113922119140625,-0.058513452256281718588670770486714900471270084381103515625,-0.009281038298761611071707733344737789593636989593505859375,0.069912697891598429844606243932503275573253631591796875,0.26401754479973338352039036180940456688404083251953125,0.052347227466852074007075401596011943183839321136474609375,-0.2378282191752723317978990280607831664383411407470703125,-0.0052764931981163221141883923337445594370365142822265625,-0.62992118740799674103669758551404811441898345947265625,0.32323774440092700732662933660321868956089019775390625,0.359109556188678069599262698829988949000835418701171875,-0.1087144952665482222631254671796341426670551300048828125
0.1695789243426289727434408405315480194985866546630859375,0.006161367314614214947543491263104442623443901538848876953125,0.175276009614177719075911454638116993010044097900390625,0.2401853447485766679392327205277979373931884765625,0.093823172604622862014167594679747708141803741455078125,0.052289615431798532052543038162184529937803745269775390625,0.09616989860269588297203569027260527946054935455322265625,-0.00999160915497440856036792666827750508673489093780517578125,-0.29902340016386919074875549995340406894683837890625,0.1527238745443400824708390928208245895802974700927734375,0.1941458913981901901468773985470761545002460479736328125,-0.418074572176054537475664574230904690921306610107421875,-0.3321165916799004858006583162932656705379486083984375,-0.1478001094920503299956493492572917602956295013427734375,0.10466600739276911424813221174190402962267398834228515625,-0.1722244236078521451016598575733951292932033538818359375,0.1152110532932511255399532501542125828564167022705078125,-0.0899287921678659785129639203660190105438232421875,-0.300968419045244406362371591967530548572540283203125,0.059778845241778490182671390584800974465906620025634765625,0.455606169048792863929264740363578312098979949951171875,0.0831573618713253581713473749914555810391902923583984375,0.1402949130581330472455903191075776703655719757080078125,-0.08026648760418249317627470418301527388393878936767578125,0.0882837512530154910894708564228494651615619659423828125
0.03161631076540093177040802174815325997769832611083984375,-0.2449307775145384835635553599786362610757350921630859375,-0.1858060173241216916917295520761399529874324798583984375,-0.1334605190770564442370726965236826799809932708740234375,-0.131560250281086810186792490640073083341121673583984375,0.1888481272670672617142173521642689593136310577392578125,-0.2476635412297064353648323731249547563493251800537109375,-0.2148005388956306382919336783743347041308879852294921875,-0.269626524732488326296930836178944446146488189697265625,0.1528430238434851651252444071360514499247074127197265625,0.17375458971277468744887073626159690320491790771484375,-0.132028952465069016053433870183653198182582855224609375,0.439773738783509393623916139404173009097576141357421875,-0.10665038432054829709016985361813567578792572021484375,-0.264426842831432917790834835614077746868133544921875,-0.051504137449314486840723503746630740351974964141845703125,0.0117022977687746658481682260344314272515475749969482421875,0.22694992979767036889171549773891456425189971923828125,0.10962238957193803923217956253211013972759246826171875,-0.156955316001296252270691411467851139605045318603515625,0.11866848517769300330737536341985105536878108978271484375,0.289143620507098242367050033863051794469356536865234375,0.1466082630028292810298040649286122061312198638916015625,0.2082366139459472520467642198127578012645244598388671875,0.233144424466297628395494712094659917056560516357421875
-0.11545932489435924150900092399751883931457996368408203125,-0.338069569325288643568683255580253899097442626953125,0.20295770905415000395777269659447483718395233154296875,-0.0544708815638631216327070205807103775441646575927734375,-0.2001924915128946713682722702287719585001468658447265625,0.10821125518328088277453247201265185140073299407958984375,-0.0102596136605442554701195234656552202068269252777099609375,0.105719507703948334409460585447959601879119873046875,-0.00669564009169347669481187068640792858786880970001220703125,-0.251341110423490110559185950478422455489635467529296875,-0.12209058737852605813767326026209047995507717132568359375,0.126242942652377398982110889846808277070522308349609375,0.01468152522649680997990362385507978615351021289825439453125,-0.111948217228245050502977164796902798116207122802734375,-0.286829497584674741883503656936227343976497650146484375,-0.38706007847899248641709846197045408189296722412109375,0.0186727614327595083099087247546776779927313327789306640625,-0.291472983212506420169773946327040903270244598388671875,0.01468948350903620699015039718915431876666843891143798828125,-0.24869713329964937553739900977234356105327606201171875,0.2144489161235697827212476340719149447977542877197265625,0.07652598346861692879539162959190434776246547698974609375,-0.02777441330728834534280480283996439538896083831787109375,-0.1262840589396207191530407953905523754656314849853515625,-0.458607199256503950124397306353785097599029541015625
0.0264302998296754576568190486796083860099315643310546875,-0.0189380243528783250017699657519187894649803638458251953125,0.400773357733170632055674786897725425660610198974609375,0.049111691054466381778365047239276464097201824188232421875,-0.231536098875732232471591487410478293895721435546875,0.05702737821277024943267264234236790798604488372802734375,0.2404274964963273586437964013384771533310413360595703125,0.10024519660168666745914123339389334432780742645263671875,-0.14481848945582009857702132649137638509273529052734375,-0.03186590543409338616154258261303766630589962005615234375,0.1168882126687544598109269600172410719096660614013671875,-0.260076255727189564748158545626210980117321014404296875,0.065315920459637244466222227856633253395557403564453125,0.14976252066021789044469869622844271361827850341796875,0.02791281545429862009921606613715994171798229217529296875,-0.1780111211738533982806842459467588923871517181396484375,-0.3399501596409753023664279680815525352954864501953125,-0.254301906410409117587079208533396013081073760986328125,0.2127394863421462611885459637051098980009555816650390625,-0.0852110344704818667427304035300039686262607574462890625,-0.440389049783789066072614559743669815361499786376953125,0.06320251919095952464200394160798168741166591644287109375,-0.01066891112920447491629882819097474566660821437835693359375,-0.0340703190792564225564120761191588826477527618408203125,0.3417269437716170532581827501417137682437896728515625
0.264844107137277184893520143305067904293537139892578125,-0.4949350747909881942376841834629885852336883544921875,0.006902174831518251459094859256993004237301647663116455078125,0.168204465707321781930971837937249802052974700927734375,-0.2238189794810578892025887398631311953067779541015625,0.11338533553826628252902963822634774260222911834716796875,-0.00809384719712105162037207861658316687680780887603759765625,-0.250555292865868362017778281369828619062900543212890625,-0.00017448176402555095406039786798402246859041042625904083251953125,-0.05949429377888944270313942297434550710022449493408203125,-0.0041363121645517191005136936610142583958804607391357421875,0.124632013296812005354041730242897756397724151611328125,-0.3059753788013968023307143084821291267871856689453125,0.1173626802772321509049646692801616154611110687255859375,0.09203466111783682734870382091685314662754535675048828125,0.218502905697701643727981490883394144475460052490234375,0.148192625576754000160661917107063345611095428466796875,0.037458016133901934907601827262624283321201801300048828125,-0.034702939722088675666977763967224746011197566986083984375,-0.07632896276048874162345470040236250497400760650634765625,-0.037072989767666285343405974117558798752725124359130859375,0.0208331573218306365102847621528781019151210784912109375,-0.5333437302137415958469546239939518272876739501953125,0.0923663211372494907802632724269642494618892669677734375,0.15123859819196006082364647227223031222820281982421875
-0.454554944509862390855658986765774898231029510498046875,0.05585535473284396201787416202932945452630519866943359375,0.2132780532644662774277577454995480366051197052001953125,0.239010926548745950004359883678262121975421905517578125,-0.209525405063356817692010736209340393543243408203125,0.10216300310535463002903355800299323163926601409912109375,0.1385686593075351191739486012011184357106685638427734375,-0.023512114356508399815037790858696098439395427703857421875,0.11673629201496295293427607475678087212145328521728515625,0.04557251915308481449162769649774418212473392486572265625,0.1350169412546982361522651672203210182487964630126953125,0.2034387976294129984911052133611519820988178253173828125,-0.0235614172654254501459991644196634297259151935577392578125,0.02486043010697669419784006095142103731632232666015625,0.30554971215280291030325088286190293729305267333984375,-0.139727847981305386415584735004813410341739654541015625,0.380155008487225110069829270287300460040569305419921875,0.161956261673652957000513197272084653377532958984375,0.04792723609530320783012058427630108781158924102783203125,0.09805427791468886156156514743997831828892230987548828125,-0.06127290420278196092507272396687767468392848968505859375,0.336160517763165966886873547991854138672351837158203125,0.134289700670671863225180686640669591724872589111328125,0.3229858484249834571500059610116295516490936279296875,-0.04903041546447269027897419846340199001133441925048828125
-0.186044868137609620273309474214329384267330169677734375,-0.1138585009875745790441925464619998820126056671142578125,0.1857171361623673744301044052917859517037868499755859375,-0.36069423473209327735133911119191907346248626708984375,0.0507634714380449658666094592263107188045978546142578125,0.030886607411901356723404887816286645829677581787109375,0.040592276469234390978702009533662931062281131744384765625,0.14588373402612264673194886199780739843845367431640625,-0.210766952224843484575700358618632890284061431884765625,0.15097239908023951659998829200048930943012237548828125,-0.11597246004875376435006018027706886641681194305419921875,-0.208489042701401727786247874973923899233341217041015625,0.20944697865058115038294772602966986596584320068359375,0.1595108769511708601829269582594861276447772979736328125,0.0235183930414475383940953179262578487396240234375,-0.122055330684938290186636322687263600528240203857421875,0.33266303659239981893591675543575547635555267333984375,0.2699671255558786508998991848784498870372772216796875,-0.410830120609767035499970688761095516383647918701171875,0.0800361090677433051343570014068973250687122344970703125,-0.2265394989134787706586138256170670501887798309326171875,-0.1498758617319490282770999556305469013750553131103515625,-0.288182724886711427725316525538801215589046478271484375,-0.1844477746393572148431161394910304807126522064208984375,-0.053752378216303887958904539345894590951502323150634765625
0.3510491988759494308425246344995684921741485595703125,0.08186933002627345967727734432628494687378406524658203125,0.2591241373444717055463115684688091278076171875,-0.0702728416149022427905634913258836604654788970947265625,0.259583744076163025482628654572181403636932373046875,0.11720027407398696250862002443682285957038402557373046875,-0.25176425619997588878362648756592534482479095458984375,0.385234776658664401782772301885415799915790557861328125,0.01154943519733697514240144954555944423191249370574951171875,-0.299306311842317207538854972881381399929523468017578125,0.0558478536194246810708818884450010955333709716796875,0.026159986729292199203467106372045236639678478240966796875,-0.057942382054104242528058676953151007182896137237548828125,0.300841351561794867475185810690163634717464447021484375,-0.2428673456557007004352755075160530395805835723876953125,0.059813552443388436075100145217220415361225605010986328125,0.3718018034844965402641037144348956644535064697265625,-0.008754934441464752581385511120970477350056171417236328125,0.171126639948120329304259712444036267697811126708984375,0.12192367008094522062844333731845836155116558074951171875,0.00470971152590523613190587326471359119750559329986572265625,0.152516346059440810467577875897404737770557403564453125,0.07870211242257359185447995741924387402832508087158203125,0.183311386520806696154295423184521496295928955078125,0.0978678131635039860736213768177549354732036590576171875
0.038987751243564093550642013497053994797170162200927734375,0.1444252315375101625161136098540737293660640716552734375,-0.15465670803762776586154359392821788787841796875,-0.059887139382351940730675465829335735179483890533447265625,-0.39039597318801355640971451066434383392333984375,0.0084164942768502858105872377336709178052842617034912109375,0.257416501262421382190126450950629077851772308349609375,-0.08298385051891672692381263232164201326668262481689453125,-0.1580249289965822423464913981661084108054637908935546875,-0.4455273106786850068061767160543240606784820556640625,0.2276054708761563183383458408570731990039348602294921875,0.254621903010009698054005866652005352079868316650390625,-0.017620664892405581147816207021605805493891239166259765625,0.0824504913289027807632436406493070535361766815185546875,-0.239636942451127266107135938000283204019069671630859375,0.0196189696438531825661844010255663306452333927154541015625,0.004104276193402918264385714763875512289814651012420654296875,0.1476770936667352318583112946726032532751560211181640625,-0.260352436886853999542523752097622491419315338134765625,0.3155343331963582631516374021884985268115997314453125,0.042332993692637509164367060066069825552403926849365234375,0.018356061829205079505289432972858776338398456573486328125,0.1438972880034425083639604281415813602507114410400390625,-0.28693010789145834138480495312251150608062744140625,0.1585223247138743685180628517628065310418605804443359375
0.229258859825498984008618208463303744792938232421875,-0.200630240138484461365209199357195757329463958740234375,-0.1943494291410747809578651867923326790332794189453125,0.1445137251563561042733141448479727841913700103759765625,0.09853685725941795092719388549085124395787715911865234375,0.295378368479224218123846412709099240601062774658203125,0.0231759449288981116132912774219221319071948528289794921875,-0.0200447920171216431572958072138135321438312530517578125,0.1272700303619689610190590656202402897179126739501953125,0.01843715112847565951170736298081465065479278564453125,0.10523460476912950556371839638813980855047702789306640625,0.01785183698330237989093660644357441924512386322021484375,0.2319581453522381597753820869911578483879566192626953125,0.44594501594530411292538474299362860620021820068359375,0.2216586314570030136206213455807301215827465057373046875,-0.08327633549096570553249563317876891233026981353759765625,-0.208745534935148524535719616324058733880519866943359375,-0.157518668362827296558492662370554171502590179443359375,-0.40805189708515021695944824386970140039920806884765625,0.07221967428068278016528580565136508084833621978759765625,-0.1202769138929817016592238587691099382936954498291015625,0.01082910830270103312578111598440955276601016521453857421875,0.250490847941471528326218276561121456325054168701171875,0.15506848158647079660710232928977347910404205322265625,-0.269222868962023131889083060741540975868701934814453125
0.1078593775302283674921710598937352187931537628173828125,0.067003474150880037996103055775165557861328125,-0.0250823460210352934540711800082135596312582492828369140625,-0.02527678021719526046950932141044177114963531494140625,-0.006871339919019778426367839330168862943537533283233642578125,-0.406672140452921937470165403283317573368549346923828125,-0.063462479058342513571489007517811842262744903564453125,0.34100970721303358601517174975015223026275634765625,-0.252053933904489380068980608484707772731781005859375,0.1592106808033029452520423774330993182957172393798828125,0.2558213628869292488587916523101739585399627685546875,0.44719763337297535610304066722164861857891082763671875,0.09847442835138860151023010303106275387108325958251953125,0.1075949509442559459682087208420853130519390106201171875,0.224460216542492652092022353826905600726604461669921875,-0.0196999285071043604700147255925912759266793727874755859375,-0.0628450231516747559457058969201170839369297027587890625,-0.059107642942005954311834869940867065452039241790771484375,-0.16520400938455492845235994536778889596462249755859375,-0.3986421378904172474477718424168415367603302001953125,0.1002151464498865773844471505071851424872875213623046875,0.202591514674723083277996238393825478851795196533203125,-0.11943128220569880493240333407811704091727733612060546875,-0.07108648338045307768506830825572251342236995697021484375,0.08034780494633246561431150212229113094508647918701171875
0.10232264988574606145999013051550718955695629119873046875,0.248824922138457582665438394542434252798557281494140625,0.2090915478905807367571156873964355327188968658447265625,-0.0245684077026184603809166873134017805568873882293701171875,0.0274014784366564574658031716580808279104530811309814453125,-0.402185477530775603582924304646439850330352783203125,-0.05884553089313983298414001410492346622049808502197265625,-0.450923881078327426497054375431616790592670440673828125,-0.1380075793418232554810032297609723173081874847412109375,-0.29625851883840692568838903753203339874744415283203125,-0.35643464680043879244664140060194768011569976806640625,-0.115777177621849192146186169338761828839778900146484375,0.0826386234400910135722284621806466020643711090087890625,0.12092097785151602329367648280822322703897953033447265625,0.007115078889962103518562752668685789103619754314422607421875,-0.056161375241141155145729868536363937892019748687744140625,-0.108064290260939055432487521102302707731723785400390625,0.019798275790340158497571110274293459951877593994140625,-0.2170983106774497795043998848996125161647796630859375,-0.048422457856994116642823655638494528830051422119140625,0.008942473745145097796527267064448096789419651031494140625,0.26687635663787567796845223710988648235797882080078125,-0.0789859046356509164610315565369091928005218505859375,0.3024724108747263162655372070730663836002349853515625,-0.107217917604211676607661729576648212969303131103515625
-0.4273792608537039239280375113594345748424530029296875,-0.34946383712945827682005983660928905010223388671875,0.31233703716326421950810754424310289323329925537109375,-0.0311958601478883566782140945861101499758660793304443359375,0.174409032142244846408374314705724827945232391357421875,-0.06755666402612260645899056044072494842112064361572265625,-0.186977101443537241376446900176233612000942230224609375,0.06901431692145475194077874903086922131478786468505859375,0.0953936124311989541713074913786840625107288360595703125,-0.24875332792685134197796514854417182505130767822265625,0.02405190275185180304173826471014763228595256805419921875,0.038843258710065504957231752314328332431614398956298828125,0.007142918294023629932620877980298246257007122039794921875,0.1173784007839923371196988455267273820936679840087890625,0.0707544418358631854726326082527521066367626190185546875,0.234965529912614101704093627631664276123046875,-0.337768408004834708169283885581535287201404571533203125,0.126923481920458935956474988415720872581005096435546875,-0.152158293513320608258965194181655533611774444580078125,0.0260033459644135704624812177598869311623275279998779296875,0.30519792307871906889005231278133578598499298095703125,-0.1576494401502590847474749580214847810566425323486328125,0.1385329808921843264268858320065191946923732757568359375,0.044219124189541832159466849816453759558498859405517578125,0.285846434261803172827143271206296049058437347412109375
-0.07627323231453718432870658716637990437448024749755859375,0.11568957636770753338861794645708869211375713348388671875,-0.29710515927269753877482116877217777073383331298828125,-0.013170368894563334871694593175561749376356601715087890625,-0.311132484334773362633086435380391776561737060546875,-0.16113481048976130427519137811032123863697052001953125,0.038665472680320410459042790307648829184472560882568359375,0.27605039663625186019402235615416429936885833740234375,0.4099955059479445385051121775177307426929473876953125,-0.1660770795855314452271755953915999270975589752197265625,0.0951516011139847128763591399547294713556766510009765625,-0.38554499610499437523003507521934807300567626953125,0.08040575220962596636464780885944492183625698089599609375,0.04776691508595358459654534044602769427001476287841796875,-0.059636564166816764809286866011461825110018253326416015625,-0.104313492440156474483359261284931562840938568115234375,0.1095405762921153602906798596450244076550006866455078125,-0.1049423320515869006985809619436622597277164459228515625,-0.1767442682265646658468227769844816066324710845947265625,-0.1914495521466996752479872156982310116291046142578125,0.173491986582797519389487206353805959224700927734375,-0.1399823512127621183420700390342972241342067718505859375,-0.19596221611402331319595759850926697254180908203125,0.319287787766160457980646469877683557569980621337890625,0.1854225267213858163728446015738882124423980712890625
-0.069233097925505304726101485357503406703472137451171875,0.09600828163706076612271544945542700588703155517578125,0.0299121859430937185597709770945584750734269618988037109375,0.6728928555770519182033240213058888912200927734375,0.0374147441088058252400827541350736282765865325927734375,0.0651974719398879243303923658459098078310489654541015625,0.006272388677739688424284114631745978840626776218414306640625,0.2221635640965603786245452511138864792883396148681640625,-0.2155713794034390951015467408069525845348834991455078125,0.024272322762274221863432188683873391710221767425537109375,-0.1968639227998156826515696593560278415679931640625,0.08564180704911462937989341526190401054918766021728515625,0.396673735498453694514608969257096759974956512451171875,-0.10887612745939186098542705849467893131077289581298828125,-0.2372543949253263229071109208234702236950397491455078125,0.0947178530454646783187655501023982651531696319580078125,-0.0544202255741493556850940649383119307458400726318359375,-0.02782090198711646700235888829411123879253864288330078125,-0.0759282758402079760440273048516246490180492401123046875,0.1997988605870015532683936498870025388896465301513671875,0.0516757146828114299896839156645000912249088287353515625,-0.1087359074186091956182309559153509326279163360595703125,-0.28550021959247373626311627958784811198711395263671875,0.06342122143800872635654997111487318761646747589111328125,0.014179627730385731265716486859673750586807727813720703125
0.10345368029625563732754045531692099757492542266845703125,0.280385087205925198627909367132815532386302947998046875,0.415561120651836646278098896800656802952289581298828125,-0.0239812469327900477933379619344123057089745998382568359375,-0.11174873856936741456369333036491298116743564605712890625,0.21166747665257645838465805354644544422626495361328125,-0.1405438487633888511307844737530103884637355804443359375,-0.1764442643817250855331479897358804009854793548583984375,0.4103097145024972025595388913643546402454376220703125,0.307621423638666346977998955480870790779590606689453125,0.1278645618764978342252192078376538120210170745849609375,0.1716542633941636475380931869949563406407833099365234375,0.0216839784008755025179748798791479202918708324432373046875,-0.1312894854525486210139462173174251802265644073486328125,-0.313791100671898082197230905876494944095611572265625,0.1522415201893458081006116344724432565271854400634765625,-0.0358049659716924983943187044133082963526248931884765625,-0.04944889755894545102510306833210051991045475006103515625,-0.368921214182238610401753931000712327659130096435546875,-0.1777929993879131254086445323991938494145870208740234375,-0.0353664103682966857178371355985291302204132080078125,0.0105011621728317294799381897973944433033466339111328125,-0.0133871805587641272416998816652267123572528362274169921875,-0.056147918635458628211498677273993962444365024566650390625,0.0704065495268755003888117016686010174453258514404296875
-0.0863770745397180184088625765070901252329349517822265625,-0.033759283738234953375911828743483056314289569854736328125,-0.0906632164433523735080910910255624912679195404052734375,0.1800882918057762627217499584730830974876880645751953125,-0.11694740150925005128801359433055040426552295684814453125,-0.2105065226858767457596144367926171980798244476318359375,-0.345202098535272006163410196677432395517826080322265625,-0.167006116201457555092702023102901875972747802734375,0.084475854531782024192665403461433015763759613037109375,0.27806526953498178489354586417903192341327667236328125,-0.225973763872972910338177143785287626087665557861328125,0.11450242727068286885394599039500462822616100311279296875,-0.11077328656754263647155056560222874395549297332763671875,0.415289127848486649963177796962554566562175750732421875,-0.140756798750669542830138425415498204529285430908203125,-0.4286489842093839097714180752518586814403533935546875,0.12243072523470173440518493634954211302101612091064453125,-0.1041453354578228684967911021885811351239681243896484375,0.06331316097142629384375567269671591930091381072998046875,0.13435218457352948728811270484584383666515350341796875,0.043112539761874131560848155686471727676689624786376953125,-0.1298708211060709272199886754606268368661403656005859375,0.12515482178432357773800731592928059399127960205078125,-0.2093114004625191981734388946279068477451801300048828125,0.28755546354501759775956770681659691035747528076171875
0.15058359944578703082385118250385858118534088134765625,-0.42531133126354336848606862986343912780284881591796875,-0.0286463233017406580793728920752982958219945430755615234375,0.09001016655823877721243064797818078659474849700927734375,0.1001520974941979280625758974565542303025722503662109375,-0.39485959075566678944113618854316882789134979248046875,0.2226477526471943857444557579583488404750823974609375,0.151752996866517164686882779278676025569438934326171875,0.206615259331058009895087934637558646500110626220703125,0.07005405734525338434792729458422400057315826416015625,-0.1874613278274259997591144610851188190281391143798828125,0.020489877160259906130335139096132479608058929443359375,-0.00921317295536989121218507392541141598485410213470458984375,-0.32857740972332172280090389904216863214969635009765625,-0.189447465184195584786408517175004817545413970947265625,0.0300699543700245243427193742036251933313906192779541015625,0.124499156903884300451323952074744738638401031494140625,0.004593187565612684604421378509186979499645531177520751953125,-0.2180835485613441260266398558087530545890331268310546875,0.0843227690242088490091276753446436487138271331787109375,-0.296369505777668240664723953159409575164318084716796875,0.1938665549230837170657792967176646925508975982666015625,0.320210884660237338206201229695579968392848968505859375,0.03017911502712490590116800603937008418142795562744140625,0.1480151979300530495908816419614595361053943634033203125
-0.026511739685697144341958164659445174038410186767578125,0.056857760963350954808159798403721651993691921234130859375,-0.07314884299350342400369839879203937016427516937255859375,-0.029824520694813207166706803263878100551664829254150390625,-0.3507507466694088638092807741486467421054840087890625,0.11986103979098365612809828917306731455028057098388671875,-0.59994108701455639565125466106110252439975738525390625,0.211974582059172800274637893380713649094104766845703125,-0.211073412518857417286000099920784123241901397705078125,-0.10077833081169672302390694085261202417314052581787109375,-0.1675543114685841550315359427258954383432865142822265625,-0.031852842050764267056717216064498643390834331512451171875,-0.200160554830353831778921858131070621311664581298828125,-0.299142031578449707485134467788157053291797637939453125,0.224905983644612395000450533188995905220508575439453125,0.0872410959703421584610083527877577580511569976806640625,-0.060347634671760803926066074609479983337223529815673828125,-0.13102485476101055628106450967607088387012481689453125,-0.2136795081364454007566422433228581212460994720458984375,0.1052815821454372302579116649212664924561977386474609375,-0.274191565040686480170251115850987844169139862060546875,0.00115820903132838291804684871522113098762929439544677734375,0.135161113433531709926427311074803583323955535888671875,0.069777727829545888038609291470493189990520477294921875,-0.01246004034282383217402401243134590913541615009307861328125
0.0026825854927773388168554813404398373677395284175872802734375,0.1248127664436688155635835073553607799112796783447265625,-0.1411858858523900306369824875218910165131092071533203125,-0.1291716014679957502675478053788538090884685516357421875,0.1927179175058264803954699573296238668262958526611328125,0.431298267822516845360070192327839322388172149658203125,0.24511244764952977437388881298829801380634307861328125,0.052424372436832088195668433172613731585443019866943359375,-0.0507880987915605708327149159231339581310749053955078125,-0.09009424727155361523056598116454551927745342254638671875,-0.48456716185590764656154760814388282597064971923828125,0.2499584911676923371093295145328738726675510406494140625,-0.06929295716102377988843130651730461977422237396240234375,-0.09584234887901930954878793045281781814992427825927734375,0.108119988637162045552742029030923731625080108642578125,-0.2097845152967909854169192840345203876495361328125,0.002405929175255143957767867135544292978011071681976318359375,-0.037744457833121171363988111124854185618460178375244140625,-0.1326251747474055109332624624585150741040706634521484375,-0.2462179327885131996378476060272078029811382293701171875,0.08332969872190403026745997294710832647979259490966796875,0.0292057703624398444508525329865733510814607143402099609375,0.0253199178650953156399783239294265513308346271514892578125,0.0947990566820813562731729007282410748302936553955078125,0.432519775306758891275649148155935108661651611328125
-0.236216383479186664562377018228289671242237091064453125,-0.01735531766371471718013452800732920877635478973388671875,-0.0792353797853244390392291052194195799529552459716796875,-0.28418791510891761031842861484619788825511932373046875,-0.06308872423809104568181993499820237047970294952392578125,-0.0222084498129011577438607361045797006227076053619384765625,0.1898857889830029843647452025834354571998119354248046875,0.03982260084404960764903336212228168733417987823486328125,-0.248063514794505224347886951363761909306049346923828125,0.32058627207974133010992545678163878619670867919921875,-0.053682352817410523837526881152371061034500598907470703125,0.08351165262970090819028001760671031661331653594970703125,-0.18237110947787626979987862796406261622905731201171875,0.1781677766366314419332894658509758301079273223876953125,-0.287058997900117518486950984879513271152973175048828125,0.288980756900803992248683016441646032035350799560546875,-0.0257573417888783129381380376798915676772594451904296875,-0.4591926615872405914586806829902343451976776123046875,-0.050898095663845004110736880420517991296947002410888671875,0.2359857911239149064197562211120384745299816131591796875,0.08874968717485653968424230697564780712127685546875,0.060896071361306647329314500893815420567989349365234375,-0.0165143246367707267896474121471328544430434703826904296875,0.356106004665397712916075079192523844540119171142578125,-0.03450597552566368741988611645865603350102901458740234375
-0.290723474834159223423313278544810600578784942626953125,0.0666409451266894714560606871600612066686153411865234375,-0.218192557805943543325355449269409291446208953857421875,0.2326849519989258874286264244801714085042476654052734375,0.2180112901167172989591591658609104342758655548095703125,0.05984256399952130045516440759456600062549114227294921875,-0.0417559569478930525665560935522080399096012115478515625,0.043055782180881997656118898021304630674421787261962890625,-0.121369986557084696965347347941133193671703338623046875,-0.0583457497331250352079479171152343042194843292236328125,0.11884644955806518418217621047006105072796344757080078125,-0.10629673220227131569259881871403194963932037353515625,-0.428703182400134108487321782376966439187526702880859375,0.163565985824968451733951724236248992383480072021484375,-0.38072816356384098224197032322990708053112030029296875,-0.018801816252079169011768300379117135889828205108642578125,-0.1314725464598991144793416196989710442721843719482421875,0.263413893854015535023194161112769506871700286865234375,-0.127329012888697856720199297342333011329174041748046875,-0.35917373135982888499029286322183907032012939453125,-0.309355521715255099568508967422530986368656158447265625,0.1240108953785259704449828177530434913933277130126953125,-0.00393637779890754387068785291603489895351231098175048828125,0.02031175336444361601007102535731974057853221893310546875,-0.1085224573281976800931403204231173731386661529541015625
0.1812814038633316915394289026153273880481719970703125,-0.007347004608061944407049193017655852600000798702239990234375,0.049844866397946628600035268163992441259324550628662109375,-0.1261974069176841073414152560872025787830352783203125,-0.1381433806640385009156801743301912210881710052490234375,0.0213064117047847036146013266488807857967913150787353515625,0.025273349684218453237161128299703705124557018280029296875,0.278135370717201901857862367251073010265827178955078125,0.1310152701680978581944003735770820640027523040771484375,0.218279391505783959548381290005636401474475860595703125,-0.10154700993379665863169947215283173136413097381591796875,0.0573996965631734801238650334198609925806522369384765625,-0.1893448029111139130353791415473097003996372222900390625,-0.00803472442746451694095544127094399300403892993927001953125,-0.057874499921875932617609805674874223768711090087890625,-0.286629485372032755119420244227512739598751068115234375,-0.45603956867421191478939590524532832205295562744140625,0.453202611016866541149283875711262226104736328125,0.042144583049281703068800197797827422618865966796875,0.32424874668941094935092905870988033711910247802734375,0.1442904545782688618960065696228411979973316192626953125,0.184068974043906152804339626527507789433002471923828125,-0.185877497891267340346388436955749057233333587646484375,0.178371721556944196063199115087627433240413665771484375,-0.09975821415029247074546248086335253901779651641845703125
0.0300941715633341877467188396622077561914920806884765625,0.0301653277741150936674952021121498546563088893890380859375,0.0161727413384028413656512412899246555753052234649658203125,0.08497662038012354646099311139550991356372833251953125,-0.329322300313787452719083148622303269803524017333984375,0.060106739619563233356647202754174941219389438629150390625,0.10764608872698140651369413944848929531872272491455078125,0.1780528056083468257941859747006674297153949737548828125,0.041608176166627430792033237594296224415302276611328125,0.12005653303168438428283337771063088439404964447021484375,-0.4120016085149511564367230675998143851757049560546875,-0.211001915039628951120675992569886147975921630859375,0.02968830019249192597730058196248137392103672027587890625,0.29282009663200003757310696528293192386627197265625,0.04785751277455309316000153785353177227079868316650390625,0.43470480147393730785410070893703959882259368896484375,0.0282861957877955268181313641662200097925961017608642578125,0.156647999803519344386160128124174661934375762939453125,0.0851502250611596289697757811154588125646114349365234375,-0.218651780037616816354528737065265886485576629638671875,0.1792970685982247791567800732082105241715908050537109375,0.2574709608476088984474472454166971147060394287109375,0.2157290269366379520388221635585068725049495697021484375,-0.303381029475138175310888755120686255395412445068359375,-0.0981535146962747850896136014853254891932010650634765625
