-0.3231007324159536064911435460089705884456634521484375,0.033473760335539205768018433673205436207354068756103515625,0.21542680168489003467158227067557163536548614501953125,0.250776485403216342628951451843022368848323822021484375,-0.12244940138963500420032914917101152241230010986328125,-0.26070442344079924890110078194993548095226287841796875,0.319035898254290462006110828951932489871978759765625,0.09975391481903418677834594063824624754488468170166015625,0.13827134121340833861069086196948774158954620361328125,-0.01061347753125633890103340917221430572681128978729248046875,-0.132622980533347700760060661195893771946430206298828125,-0.307740879213181550699829358563874848186969757080078125,0.27536762240536150070369103559642098844051361083984375,-0.1999732506053571723381168112609884701669216156005859375,-0.221756195611454709482046609991812147200107574462890625,-0.12072654372761483509979285599911236204206943511962890625,0.358334530472995960170834450764232315123081207275390625,-0.10523011606334235767956641893761116079986095428466796875,0.1363468375531005083445279524312354624271392822265625,0.183518082617967426273253295221365988254547119140625,0.08356811371827878309748172114268527366220951080322265625,0.0151024696654264468931305742671611369587481021881103515625,-0.1522393158834597082229578290935023687779903411865234375,0.0694638773531876252409489325145841576159000396728515625,-0.2289980508309797102572957783195306546986103057861328125
-0.1936546537415443081098231914438656531274318695068359375,-0.0019655101570320216743115171453837319859303534030914306640625,0.09311565426927530253475850940958480350673198699951171875,0.267951522189890878333784485221258364617824554443359375,-0.207908893614983159014997227131971158087253570556640625,0.029275996985935470728890095415408723056316375732421875,0.2282946095036224309904326901232707314193248748779296875,0.3288974584178034898940268249134533107280731201171875,-0.01925838223806210225408364067334332503378391265869140625,0.0248507755756970823146634330669257906265556812286376953125,0.0920328803158813324447606873945915140211582183837890625,0.2131011881240424121752852215649909339845180511474609375,-0.268433042272997524069211294772685505449771881103515625,0.0235919177006967510645818464354306343011558055877685546875,-0.05854994292551339574171009871861315332353115081787109375,0.308959490351019550047340089804492890834808349609375,0.06833462237065236755118036171552375890314579010009765625,0.215105634904002585017224191688001155853271484375,-0.1353131189997801853142078698510886169970035552978515625,-0.30758708331857220752425519094686023890972137451171875,0.464969348242229407741632485340232960879802703857421875,0.050740888639461488585080672919502831064164638519287109375,0.2291137217753073940240682304647634737193584442138671875,-0.1127880503469472495137182477265014313161373138427734375,0.058633381374735372981721326368642621673643589019775390625
0.046486575137417440739540097638382576406002044677734375,-0.0470330477170569916101072749370359815657138824462890625,0.13261051016310798633668355250847525894641876220703125,-0.007806768902018825471988971997916451073251664638519287109375,0.181932511750161729491281903392518870532512664794921875,-0.327313549773545597876278634430491365492343902587890625,0.000902812297808788387538936337506356721860356628894805908203125,-0.303322237756974477651539245925960130989551544189453125,0.01531208655681160803185836272177766659297049045562744140625,0.2142339444361765210533832259898190386593341827392578125,0.1495306132777504959374681448025512509047985076904296875,-0.1585902596311247469973437773660407401621341705322265625,0.268387883974147867238713160986662842333316802978515625,0.10373839373023611976076807650315458886325359344482421875,0.005926200100295657587079478645364361000247299671173095703125,0.35133281181111530866445491483318619430065155029296875,-0.1398264374783279861969020885226200334727764129638671875,-0.4909323473512154922815398094826377928256988525390625,-0.256132398181218967625483173833345063030719757080078125,-0.18413038415329563424194248000276274979114532470703125,0.252155073763967563227339496734202839434146881103515625,0.07285455697703042965418518406295333988964557647705078125,0.057738711460766756200513327712542377412319183349609375,-0.048964738349635612835175635382256587035953998565673828125,0.105555829122504218897660166476271115243434906005859375
-0.04658062525501653616810671110215480439364910125732421875,-0.100554153899160503282672607383574359118938446044921875,0.254493016155140250322830297591281123459339141845703125,0.212421718577186335874529277134570293128490447998046875,0.258177013152510903548630949444486759603023529052734375,-0.12215936301347292414209988464790512807667255401611328125,-0.32513909076434710510028480712207965552806854248046875,0.2573096221610280398550685276859439909458160400390625,0.1306760041191879218036575593941961415112018585205078125,0.042566385254163598139687252341900602914392948150634765625,-0.1613459759873392684870196944757481105625629425048828125,-0.02808274881966525693410829944696160964667797088623046875,-0.2286623716467488243164751793301547877490520477294921875,0.457739847642189390253264491548179648816585540771484375,0.0903751242824760991911858809544355608522891998291015625,-0.07521532470454207752741382364547462202608585357666015625,0.093313272867905305840707796960487030446529388427734375,-0.0791543983334224154901903602876700460910797119140625,0.1123896670313455359302423630651901476085186004638671875,0.039455421888655750617402873103856109082698822021484375,-0.03040753411606204881234560843950021080672740936279296875,0.4273311393847425421199659467674791812896728515625,-0.0224228726138663049527455228826511302031576633453369140625,0.2913328890407858029476528827217407524585723876953125,0.07004161365949246320639076657244004309177398681640625
-0.022433172824185575178201901280772290192544460296630859375,0.2633797992837523249676223713322542607784271240234375,0.01334541851857591783503398374932658043690025806427001953125,0.0001795590718785441118089674095159580247127451002597808837890625,0.276136089628183700739327832707203924655914306640625,0.2169445102924124346710499366963631473481655120849609375,0.251202595104413617388416923859040252864360809326171875,-0.236806450541035051760019314315286464989185333251953125,0.2246928910773116905286173050626530312001705169677734375,0.1564710733619238125502448610859573818743228912353515625,0.1612190488195014703709517789320670999586582183837890625,0.1310276066411001638645217326484271325170993804931640625,-0.176029389212337294967625211938866414129734039306640625,-0.028324152677551915624487577360923751257359981536865234375,0.05609909280676207699034563347595394589006900787353515625,-0.20502150298905752467959473506198264658451080322265625,0.2463212916371619043420793104814947582781314849853515625,-0.08598734999126757261311837510220357216894626617431640625,0.08666159248991324448585515938248136080801486968994140625,-0.06875043064061921171958857712525059469044208526611328125,0.2135159156700441041021321098014595918357372283935546875,-0.263730162462841699611004742109798826277256011962890625,-0.093744007050195199415298930034623481333255767822265625,0.421065186593424234384741566827869974076747894287109375,0.332900638256773462320126100166817195713520050048828125
0.04850684580354037989113891171655268408358097076416015625,-0.292346685349462898084738071702304296195507049560546875,0.07658787221881520335120541176365804858505725860595703125,-0.0993673858953923183623402337616425938904285430908203125,0.045092817930349214650131983717074035666882991790771484375,-0.0937132802633916239809508397229365073144435882568359375,-0.2119357318316283933512522708042524755001068115234375,-0.1495166285184061638613428613098221831023693084716796875,-0.1319971074505208730176519793531042523682117462158203125,0.198864835957258900833721781964413821697235107421875,-0.1449712750350646839336832272238098084926605224609375,-0.26591420011387612021280801855027675628662109375,-0.1365402195802575546768053982304991222918033599853515625,-0.51474698295339937903492000259575434029102325439453125,0.328002264010987587550260968782822601497173309326171875,-0.2116831175896864980501277386792935431003570556640625,0.1108875915892415520147551433183252811431884765625,0.2147557714156671238026063974757562391459941864013671875,0.0874941707535644430659971249042428098618984222412109375,-0.12392805688757181636905357891009771265089511871337890625,0.319336115074905058097698429264710284769535064697265625,0.179274391670908972429288041894324123859405517578125,0.0459468618591332977896257716565742157399654388427734375,-0.050060883765821080626512440403530490584671497344970703125,0.11615264220046993270951674048774293623864650726318359375
-0.035057113627422108181885818112277775071561336517333984375,-0.3508608699509945250127884719404391944408416748046875,-0.06355583611735159121902682954896590672433376312255859375,0.0165185038152652514942264616593092796392738819122314453125,0.2099937470429392438742155491127050481736660003662109375,0.337627912254779893874712115575675852596759796142578125,-0.0253385750170251992929859596870301174931228160858154296875,-0.0159639178774244640257595762022901908494532108306884765625,0.259228230811736626293395602260716259479522705078125,-0.005414163018457720209786199205836965120397508144378662109375,0.29526553864726501341664288702304475009441375732421875,0.33050277340700728867517455000779591500759124755859375,0.1616880918544077727627694684997550211846828460693359375,-0.1627195054945239360844055909183225594460964202880859375,-0.1572495436503525689797555742188706062734127044677734375,-0.0118741113081688963448723228566450416110455989837646484375,0.02419820134911616904549447326644440181553363800048828125,-0.1758526094262154726433067253310582600533962249755859375,0.2483945123646668362571432453478337265551090240478515625,0.275774201454508094411011143165524117648601531982421875,0.18895209360527764896886537826503627002239227294921875,0.312261060663029443862370726492372341454029083251953125,0.07897878542177461103079849635832943022251129150390625,-0.23263382358698680985042983593302778899669647216796875,-0.09170674366782043118728751096568885259330272674560546875
0.1562410244890961308339427660030196420848369598388671875,-0.052292563436838239432358221847607637755572795867919921875,0.39052840969617619304443678629468195140361785888671875,0.298015777535234061002000771622988395392894744873046875,0.143069727760329168386732590079191140830516815185546875,0.33327030538337487630684563555405475199222564697265625,0.034726612604426387864720027209841646254062652587890625,-0.34245971415051357222836259097675792872905731201171875,-0.216594621642346385481658899152535013854503631591796875,-0.09589698641508015430900968567584641277790069580078125,-0.211013425966589063254019720261567272245883941650390625,-0.199515792953917026064658557515940628945827484130859375,-0.07364162163723318721419985877219005487859249114990234375,0.003024849750996376658573883133840354275889694690704345703125,-0.32874319439255994534931915040942840278148651123046875,0.266890518802218423832783855687011964619159698486328125,0.043983133838282638394812096294117509387433528900146484375,0.1403962266550406179366206060876720584928989410400390625,0.1434962756497832059299213369740755297243595123291015625,0.07054418094548943474197955083582201041281223297119140625,-0.1484040159476400499993786752384039573371410369873046875,-0.053470534935388371045039690443445579148828983306884765625,0.1236537301570224400837361145022441633045673370361328125,-0.1362799379821677536739343850058503448963165283203125,0.22443172760599605641829157320898957550525665283203125
-0.03872453967651544315398126627769670449197292327880859375,-0.165473376770504165822472941727028228342533111572265625,-0.04066245094866662024291059651659452356398105621337890625,-0.055133685685504162099501712646087980829179286956787109375,0.24973504326747486548043752918601967394351959228515625,-0.085905393379179073587437187597970478236675262451171875,-0.313360179104989089449162520395475439727306365966796875,0.1808166100285198696351329772369354031980037689208984375,-0.113566069026163507516002937336452305316925048828125,0.15787850902579891876342799150734208524227142333984375,0.244513277097028469686534890570328570902347564697265625,0.01042588996083035866868637953075449331663548946380615234375,0.184889389076630383801358448181417770683765411376953125,-0.056127600569163153820806400062792818062007427215576171875,-0.431606544124215840696479062899015843868255615234375,-0.00650281003371191469730749901145827607251703739166259765625,0.1936554936793370151892901276369229890406131744384765625,0.1540332060103019318209049970391788519918918609619140625,0.1628787799042787642900265154821681790053844451904296875,-0.50145588940279750556072713152389042079448699951171875,-0.1537196751210714029678428005354362539947032928466796875,-0.237903432562787509052526502273394726216793060302734375,-0.0063939646728337039272016539825926884077489376068115234375,0.11800597245552220393438602741298382170498371124267578125,-0.1048797936308372147351519743097014725208282470703125
-0.265707564604438617461568128419457934796810150146484375,0.07566298869245173530639902992334100417792797088623046875,-0.01543454368196826853587566574788070283830165863037109375,0.1221077236064287141470430242407019250094890594482421875,0.451496871965330670573024463010369800031185150146484375,0.09635107759814530437036950161200365982949733734130859375,-0.08721634073341734405548919539796770550310611724853515625,-0.06373316449102033043327963923729839734733104705810546875,0.107694189147086782920581526923342607915401458740234375,0.225635738575640842906722127736429683864116668701171875,-0.1932068437418058282073474174467264674603939056396484375,0.031319429660898005784996911415873910300433635711669921875,-0.0524478767198032491680947941858903504908084869384765625,0.07505316985387923411909838478095480240881443023681640625,0.326703375792589623127781806033453904092311859130859375,0.2146371004823142414341674566458095796406269073486328125,0.0314390345140602434081955607325653545558452606201171875,0.1581077516167756213949502352988929487764835357666015625,-0.0646496102252111792818567437279853038489818572998046875,0.08116662252769224483728294217144139111042022705078125,0.023747983251287026196241214393012342043220996856689453125,-0.3196270900252695668086744262836873531341552734375,-0.10737068096383962922946153639713884331285953521728515625,-0.265493459240038809365813676777179352939128875732421875,-0.447462304708186542345771385953412391245365142822265625
-0.12421788662808348757682352925257873721420764923095703125,-0.08043926635844127204233444672354380600154399871826171875,-0.39541178157972611817427832647808827459812164306640625,0.10370393675165752445099798251249012537300586700439453125,-0.05340046637975927323882530117771239019930362701416015625,-0.1303961550171409411458256499827257357537746429443359375,-0.303733610474207271767710381027427501976490020751953125,-0.315650346750220800462471970604383386671543121337890625,-0.0224160909945188870084908927537981071509420871734619140625,-0.5618305784900698984785094580729492008686065673828125,-0.1891511784015161568017759918802767060697078704833984375,0.126542657542004721715755977129447273910045623779296875,-0.050048968622497851110875188851423445157706737518310546875,0.00998243353168881512871291050714717130176723003387451171875,-0.0164531894353166195654747383514404646120965480804443359375,0.2163736724294348656716380219222628511488437652587890625,0.32199171024286765696587053753319196403026580810546875,-0.09225534329316313619795408840218442492187023162841796875,0.03826110063004918571127888071714551188051700592041015625,-0.028020818099233679721038470233906991779804229736328125,0.204634530490361843391156071447767317295074462890625,-0.0663899547280629998002865477246814407408237457275390625,-0.033647697970510169473978834275840199552476406097412109375,0.1400545430699902393900657671110820956528186798095703125,-0.0118819597599436888035739912083954550325870513916015625
-0.2208106425505020065092054437627666629850864410400390625,-0.09267237795433498626085366822735522873699665069580078125,0.257295870947027716102439853784744627773761749267578125,-0.23736239345233245412458700229763053357601165771484375,0.08265238719803857936341273671132512390613555908203125,0.1339488649887588811449035119949257932603359222412109375,0.15041068742891272602690833082306198775768280029296875,-0.14874950521106544698568541207350790500640869140625,-0.084631499195136294932950704605900682508945465087890625,-0.2129810305342356990809804528907989151775836944580078125,-0.40263048189433903178979790027369745075702667236328125,0.2253768350495826966461976326172589324414730072021484375,0.1937648609329528370803785719544976018369197845458984375,0.145065369910349850623987322251196019351482391357421875,-0.0641220849495978406640261937354807741940021514892578125,-0.3764207364931608790215022963820956647396087646484375,-0.241694535581941705171260537099442444741725921630859375,-0.06477843829401301600778850797723862342536449432373046875,-0.026766774012169987362330658697828766889870166778564453125,-0.321444972659961802907702121956390328705310821533203125,0.166078260716299552779418036152492277324199676513671875,0.003724683714116346251732370120635096100158989429473876953125,0.209117673928383041026535238415817730128765106201171875,0.06658802054558200789191602098071598447859287261962890625,-0.1958331745270445178874751945841126143932342529296875
-0.513402323886426703580809771665371954441070556640625,-0.062256612794647649133938926979681127704679965972900390625,-0.08385111854726227942347094312935951165854930877685546875,0.302623282270853832809365258071920834481716156005859375,-0.19697209633210699397665166543447412550449371337890625,0.23026085349447067418537926641874946653842926025390625,-0.2081735997229967882748979945972678251564502716064453125,-0.127723114659315351016033446285291574895381927490234375,0.328539792853124457128188851129380054771900177001953125,-0.04534475580020025375915793119929730892181396484375,0.1674649197641753517462603895182837732136249542236328125,-0.271547625075772902647486262139864265918731689453125,0.11235103080142179454714579378560301847755908966064453125,-0.036233835959770900603249543792117037810385227203369140625,0.12459658946725875316996479114095564000308513641357421875,-0.0874937295931050018626962128109880723059177398681640625,-0.31647093732831022006024568327120505273342132568359375,0.038950294904841163690090155569123453460633754730224609375,-0.051670613847986969491277164934217580594122409820556640625,-0.1892291085786938220625330586699419654905796051025390625,-0.199037810359105782342936663553700782358646392822265625,-0.0198763063805832383701410748244597925804555416107177734375,0.07163606221737776891256288536169449798762798309326171875,0.029355224900988512171107203130304696969687938690185546875,0.2177555419078584797443198795008356682956218719482421875
-0.2198710449662232002676631736903800629079341888427734375,0.380200588019835306052840451229712925851345062255859375,0.1808855131029137586207156118689454160630702972412109375,-0.41280055096654899582375719546689651906490325927734375,0.054628635938798096594037900786133832298219203948974609375,-0.1322075146793561251090665109586552716791629791259765625,-0.02469510431598419264442867415709770284593105316162109375,-0.1478613255609913246235720407639746554195880889892578125,0.1740177821311706118923012809318606741726398468017578125,-0.1489123582058492212265576881691231392323970794677734375,0.1981403001171444244743469198510865680873394012451171875,-0.08749840958068134944003446662463829852640628814697265625,-0.262419711250371723298968618109938688576221466064453125,-0.10549080108409236711253242901875637471675872802734375,0.0039023175242993385185286125960146819124929606914520263671875,0.1413451436536251881737058511134819127619266510009765625,0.18087367274914445403055651695467531681060791015625,0.0018057325638484579381770611661295333760790526866912841796875,0.1619933783628735302073664570343680679798126220703125,-0.069976181665317438440609976169071160256862640380859375,-0.2260723595309820088683494532233453355729579925537109375,0.2268033437149545583633170053872163407504558563232421875,0.4027098998722824507723316855845041573047637939453125,-0.125852803352037578843436449460568837821483612060546875,-0.131400116076047235313950523050152696669101715087890625
-0.08209743655521040128775211996980942785739898681640625,-0.48248706297462284897648032711003907024860382080078125,0.001114553425623172021319273738981792121194303035736083984375,-0.196415940869992866613102933115442283451557159423828125,-0.18264073684319914736562395773944444954395294189453125,0.1947690882175998894343393885719706304371356964111328125,0.3330958381695874326311468394123949110507965087890625,-0.0140208782010571610110449825015166425146162509918212890625,-0.0457323386453555580377638989375554956495761871337890625,0.07263137259311903959346778947292477823793888092041015625,-0.03143567031459922056502165332858567126095294952392578125,-0.059251975693931126232261163977454998530447483062744140625,-0.2029545965823064401778452747748815454542636871337890625,0.051961651532631138172835250088610337115824222564697265625,0.2372815686599237527953931703450507484376430511474609375,0.307627672861319589880935154724284075200557708740234375,0.1294468769798680085614250856451690196990966796875,-0.24922045724057451110411420813761651515960693359375,0.1963480359546007358861885450096451677381992340087890625,-0.229696781493581692057404097795370034873485565185546875,-0.28498983842502723096146155512542463839054107666015625,0.00118546656603743072282142190232434586505405604839324951171875,-0.19037743734737144762902971706353127956390380859375,0.171923188793430659071503896484500728547573089599609375,-0.12469079252104499355713329578065895475447177886962890625
0.1771951563681787022996871883151470683515071868896484375,-0.08279918747856747363034202180642751045525074005126953125,0.1929070575483489147217142090084962546825408935546875,-0.0184050672191008839184700462965338374488055706024169921875,0.203406298191396939234465435220045037567615509033203125,0.09850618003550508372523353273209067992866039276123046875,-0.0514584427242489039766581981893978081643581390380859375,0.47055104330337582663190687526366673409938812255859375,0.0823396886414955175848007229433278553187847137451171875,-0.451308294368947648944612183186109177768230438232421875,0.0678726071250179419092063426433014683425426483154296875,-0.243048348843125427976019636844284832477569580078125,0.00911441833878833852777834323433125973679125308990478515625,-0.153982267587953691734270478264079429209232330322265625,0.2265411239425411393799691950334818102419376373291015625,-0.005596155454714778210156822524368180893361568450927734375,-0.01145833402799465057519956445730713312514126300811767578125,-0.305296088874245141742136411266983486711978912353515625,-0.00710541399833498898974681878826231695711612701416015625,0.01403600277644809386778934623407621984370052814483642578125,0.06601550872625865096221531302944640628993511199951171875,-0.391412326217441319808898470000713132321834564208984375,0.20049311599555696972174700931645929813385009765625,-0.04763118523398081338715570609565475024282932281494140625,0.07844793343961643794504112747745239175856113433837890625
-0.11394499477561657874158385084228939376771450042724609375,-0.083053730847978624041161310742609202861785888671875,-0.284942914449522743947085245963535271584987640380859375,-0.1209452315380633302677182427942170761525630950927734375,0.06495498942544979115165659777630935423076152801513671875,-0.1953123645230145644102748292425530962646007537841796875,0.17512989877323648091334007403929717838764190673828125,0.00017575768369435112461161840879952933391905389726161956787109375,-0.09280842040234672796206183420508750714361667633056640625,0.0268134055680562428947144582025430281646549701690673828125,0.0457626225341181136485602110042236745357513427734375,-0.296024675741862142164251281428732909262180328369140625,-0.06518124712481797311536269035059376619756221771240234375,0.3914838298263079163774591506808064877986907958984375,-0.0498635185473457476224012907550786621868610382080078125,-0.055431496551274182793545008962610154412686824798583984375,-0.2148836969137032093524197762235417030751705169677734375,0.09381409828431974684548322329646907746791839599609375,0.56821756487733854346089401587960310280323028564453125,0.10924792583474389473519039484017412178218364715576171875,0.253355824217326996983246090167085640132427215576171875,-0.16853461761440513555498910136520862579345703125,0.11765569520484199517174062066260376013815402984619140625,-0.1768696253901023418553251076446031220257282257080078125,0.1470925218033782566617873044378939084708690643310546875
-0.0978260771868501299852738384288386441767215728759765625,-0.111121272473364285371388859857688657939434051513671875,0.1272385248078851394115673656415310688316822052001953125,-0.169856020969416043886468514756415970623493194580078125,-0.270363244725978280058598102186806499958038330078125,-0.150405598430528530951022503359126858413219451904296875,-0.2505668853120164296655048019601963460445404052734375,0.056916929025522901286482380101006128825247287750244140625,0.30665537121466923675683347028098069131374359130859375,0.297139212112986716984863733159727416932582855224609375,-0.3719440715005963848938108640140853822231292724609375,0.26165006344857599795972191714099608361721038818359375,-0.15750462162901524010294451727531850337982177734375,-0.061828400317606065084152788813298684544861316680908203125,-0.197939392818947179630839627861860208213329315185546875,0.0221079685820719205879836266603888361714780330657958984375,0.039841229226295092613607806697473279200494289398193359375,-0.2243417867003949239812499172330717556178569793701171875,0.06236549749688323485141694391131750307977199554443359375,0.1276051790033385646694341630791313946247100830078125,-0.0567491994097950869235802429102477617561817169189453125,-0.340471999407261527448298465969855897128582000732421875,0.07455116646503047450611489921357133425772190093994140625,-0.1986004999586933050803594369426718913018703460693359375,0.278635240188746691192278603921295143663883209228515625
0.288161939866990957082037994041456840932369232177734375,-0.1465537065773947211777539223476196639239788055419921875,0.2080870897021787901959299915688461624085903167724609375,0.383646051402198706714585796362371183931827545166015625,-0.2332740597157661743832335332626826129853725433349609375,-0.25166885132322314166941623625461943447589874267578125,-0.01720168227336373034663807857214123941957950592041015625,-0.301643294859219202042055485435412265360355377197265625,0.07804867432480093458746495116429287008941173553466796875,-0.0128615175435639710055379936193276080302894115447998046875,0.295362781813638564099022687514661811292171478271484375,0.1634984773088626053283434202967328019440174102783203125,-0.1736411181380827228881713608643622137606143951416015625,0.1198643081265931831236315474598086439073085784912109375,0.157471940866035609030149089448968879878520965576171875,-0.2884926839850197044512469801702536642551422119140625,0.0191577568443943198339685096698303823359310626983642578125,-0.041230476075896839438517105236314819194376468658447265625,0.141608718912126729794209722967934794723987579345703125,-0.0732187020147625211574649028989369980990886688232421875,-0.068281297092475323751159521634690463542938232421875,-0.22106979064507703558462026194320060312747955322265625,0.1827394172342666767150376472272910177707672119140625,-0.0728484373711244248550400470776367001235485076904296875,-0.321673402632824956270951588521711528301239013671875
-0.039565479616229339010491372619071626104414463043212890625,-0.208218915537969950779739747304120101034641265869140625,-0.1505209793245755600654689487782889045774936676025390625,-0.049678587325848344580236926049110479652881622314453125,-0.059332705926045836708482283938792534172534942626953125,0.10063465601887300326922058957279659807682037353515625,0.0279701691141113657768091371735863504000008106231689453125,-0.005532847881576589098295837487739845528267323970794677734375,-0.101055301195426772142837990031694062054157257080078125,0.2175936827379595095433018059338792227208614349365234375,-0.005688888213229701708295582562868730747140944004058837890625,-0.0748055876248262807681754793520667590200901031494140625,0.24207001978711761847051775475847534835338592529296875,0.1866901726415196860475731455153436399996280670166015625,0.10033059416629609705839953903705463744699954986572265625,-0.00566348483960545621973547980587682104669511318206787109375,0.32745782028893899440191717076231725513935089111328125,0.1097098391836001940458089620733517222106456756591796875,-0.2521622195691877177381456931470893323421478271484375,0.282598605046126272188899974935338832437992095947265625,-0.068653106934719099196939851026399992406368255615234375,-0.089488350048367693023720903511275537312030792236328125,0.643134837526654568051753813051618635654449462890625,0.2443109677715097072248084941747947596013545989990234375,0.003623287401502357611693394545682167517952620983123779296875
-0.00601741821689855994892415225194781669415533542633056640625,-0.27755242216598252635861854287213645875453948974609375,0.16191578560388186769358753736014477908611297607421875,-0.0721186241723945631321157634374685585498809814453125,0.1933618734923354676169537924579344689846038818359375,-0.39614622572596325245086745781009085476398468017578125,0.1962194570945220151170218514380394481122493743896484375,-0.043864315908103808372420218120169010944664478302001953125,0.266125074879348166856374291455722413957118988037109375,-0.1901718561137431262597630166055751033127307891845703125,0.028182756614036873210604738915208145044744014739990234375,0.20971731345587552031162204002612270414829254150390625,0.09970580919766332261833241545900818891823291778564453125,-0.147719959179971827012423091218806803226470947265625,0.043242815389148946125796868500401615165174007415771484375,0.2383709209545854246226070927150431089103221893310546875,-0.2670870780888654483220534530119039118289947509765625,0.445654524852836464443583963657147251069545745849609375,-0.01356917099739539910030483582659144303761422634124755859375,0.16150937316375590935280115445493720471858978271484375,-0.11963389836723649362060228895643376745283603668212890625,-0.06978878291258967803134538598897051997482776641845703125,-0.0031703209432825435638847455521727169980295002460479736328125,0.284629327760599348806636044173501431941986083984375,0.1346392696762055418702175302314572036266326904296875
0.01149590768843626771567034694498943281359970569610595703125,-0.2142140611617049106296661875603604130446910858154296875,-0.334021026877999782644934612108045257627964019775390625,0.1317314163595051379473943597986362874507904052734375,0.33180936044031994480718594786594621837139129638671875,-0.175858916026626233009011457397718913853168487548828125,0.314681189290876794917295455888961441814899444580078125,-0.0084067047298515239217575611974098137579858303070068359375,0.126534772791613903120122586187790147960186004638671875,-0.062386057247389124780223568222936592064797878265380859375,-0.11362896366699815065004486314137466251850128173828125,-0.08237624620448481815859764765264117158949375152587890625,-0.316829373266432290368044277784065343439579010009765625,-0.036470399889164083206960498273474513553082942962646484375,-0.2002540335174295693665413864437141455709934234619140625,-0.27104175340878644551168008547392673790454864501953125,0.08637841200362207649821044697091565467417240142822265625,-0.07722004625918772735548856189780053682625293731689453125,-0.35309787572802975308405848409165628254413604736328125,-0.1305006697830421724670912908550235442817211151123046875,-0.2518721122147804525326364455395378172397613525390625,0.0970893107285023260200063077718368731439113616943359375,0.08021354979809820762159944251834531314671039581298828125,-0.287771106311874469430023282257025130093097686767578125,0.11321001445804589058408140544997877441346645355224609375
-0.11691149863518866813816288185989833436906337738037109375,0.1262124072483043202286268069656216539442539215087890625,0.0096733669396057118949894260140354163013398647308349609375,0.1819910604929793340733823470145580358803272247314453125,0.08678739796433658504337671502071316353976726531982421875,-0.1521762067368680748646880829255678690969944000244140625,0.1111368941936347332077872351874248124659061431884765625,0.07001382118155030642725478173815645277500152587890625,-0.259720375960536931092548229571548290550708770751953125,-0.019344995637311214464748587715803296305239200592041015625,-0.0414175059559738212300317172775976359844207763671875,0.34919848085049054464690243548830039799213409423828125,0.354899827325580063952514819902717135846614837646484375,-0.0175535981350714333226736840742887579835951328277587890625,0.3860020869638451923577804336673580110073089599609375,-0.0286921249917364874770786542512723826803267002105712890625,0.214881730138180848665996336421812884509563446044921875,-0.048258649548840272525129790892606251873075962066650390625,0.2393712612357908053883903676251065917313098907470703125,-0.139666189564131126843449237640015780925750732421875,-0.268544013473398679447967651867656968533992767333984375,0.0775435301022109613189314814007957465946674346923828125,0.031794444054475935745873727000798680819571018218994140625,-0.271534212223531412622179459503968246281147003173828125,0.378812824945163939549530596195836551487445831298828125
-0.46549480987418634381214133100002072751522064208984375,-0.12187983064808478872453889607641031034290790557861328125,0.1706789348800851480181250963141792453825473785400390625,-0.0227638465203637181677454037753705051727592945098876953125,0.078227314611132137134319464166765101253986358642578125,-0.1005890333406128378523902711094706319272518157958984375,-0.078742386850468915060474728306871838867664337158203125,-0.020367477173287261427159222648697323165833950042724609375,-0.557426348238873270446447349968366324901580810546875,-0.036210502137480171658268091050558723509311676025390625,0.294077118064271114672436624459805898368358612060546875,0.1249325848898041602108577308172243647277355194091796875,-0.28293422285400027238466691414942033588886260986328125,-0.080760631886424738556939928457722999155521392822265625,-0.0713362198582004058966532511476543731987476348876953125,-0.1141649296271236568856011217576451599597930908203125,-0.1033530694955120399214365534135140478610992431640625,-0.1603754545352621130316350672728731296956539154052734375,-0.163831373686752435059332810851628892123699188232421875,0.321331843587830456865361838936223648488521575927734375,-0.0279299803036748041373815709675909602083265781402587890625,-0.12214922666483184199304190542534342966973781585693359375,-0.0918165164783759923938788460873183794319629669189453125,0.063874414902358456203046443988569080829620361328125,0.049278884319545850078991833242980646900832653045654296875
-0.035320550286606945677991831189501681365072727203369140625,-0.178465617088318373451016896069631911814212799072265625,0.2611783566030945191727141718729399144649505615234375,-0.293080554192864217721847808206803165376186370849609375,-0.101832616399302633425349995377473533153533935546875,0.055649986088772758485720970611509983427822589874267578125,-0.040959664299123045572148527071476564742624759674072265625,-0.08841631639549596410887488673324696719646453857421875,0.1340060351002534122510922998117166571319103240966796875,-0.173212890989219048254454946800251491367816925048828125,0.222075937753549224051852206684998236596584320068359375,-0.091749795175286308346329633423010818660259246826171875,0.11280005001621871973949140510740107856690883636474609375,0.376629593255278061203483730423613451421260833740234375,0.05008487321433212346999397368563222698867321014404296875,-0.121564862471788159847818633352289907634258270263671875,0.34903325853364008946044805270503275096416473388671875,0.2597537048620015553979101241566240787506103515625,-0.260005715243557367077897879426018334925174713134765625,0.00049394401691475416961429889539658688590861856937408447265625,0.09816209261810797392922012249982799403369426727294921875,-0.050620137441028056901615173046593554317951202392578125,-0.324937784492136338965195818673237226903438568115234375,-0.329155785211024898284648543267394416034221649169921875,0.171021065531839600026842163060791790485382080078125
